Frequency (Hz)	Level (dB)
43.066406	-32.223587
86.132812	-31.272224
129.199219	-36.855080
172.265625	-38.406933
215.332031	-38.320515
258.398438	-42.528126
301.464844	-44.879070
344.531250	-45.168106
387.597656	-44.391068
430.664062	-44.087440
473.730469	-44.377369
516.796875	-43.159374
559.863281	-42.631432
602.929688	-42.709183
645.996094	-41.443871
689.062500	-41.114628
732.128906	-41.219906
775.195312	-40.953663
818.261719	-42.396076
861.328125	-44.123905
904.394531	-44.970165
947.460938	-45.569355
990.527344	-45.702866
1033.593750	-44.792023
1076.660156	-44.037567
1119.726562	-43.920868
1162.792969	-43.985256
1205.859375	-44.836624
1248.925781	-44.782551
1291.992188	-44.706165
1335.058594	-44.889889
1378.125000	-44.784752
1421.191406	-44.286610
1464.257812	-44.076027
1507.324219	-43.340183
1550.390625	-42.667557
1593.457031	-42.838970
1636.523438	-43.811886
1679.589844	-43.838428
1722.656250	-43.894150
1765.722656	-44.939217
1808.789062	-45.351471
1851.855469	-45.894566
1894.921875	-45.310352
1937.988281	-44.912189
1981.054688	-44.887348
2024.121094	-45.254875
2067.187500	-45.633347
2110.253906	-45.349609
2153.320312	-45.777473
2196.386719	-46.418179
2239.453125	-47.505600
2282.519531	-48.203079
2325.585938	-47.862915
2368.652344	-48.276730
2411.718750	-48.286743
2454.785156	-48.462200
2497.851562	-48.777050
2540.917969	-49.647163
2583.984375	-50.250160
2627.050781	-50.351879
2670.117188	-50.113071
2713.183594	-49.298443
2756.250000	-49.431644
2799.316406	-49.932594
2842.382812	-50.201435
2885.449219	-50.124138
2928.515625	-50.244045
2971.582031	-50.072792
3014.648438	-49.760941
3057.714844	-49.255821
3100.781250	-49.722115
3143.847656	-50.054707
3186.914062	-50.174480
3229.980469	-50.465675
3273.046875	-50.239342
3316.113281	-50.169910
3359.179688	-49.938850
3402.246094	-49.403915
3445.312500	-50.169487
3488.378906	-50.499107
3531.445312	-50.400398
3574.511719	-50.640366
3617.578125	-50.482830
3660.644531	-50.177788
3703.710938	-50.017761
3746.777344	-50.316147
3789.843750	-50.045460
3832.910156	-49.825642
3875.976562	-49.690750
3919.042969	-49.843033
3962.109375	-49.940285
4005.175781	-50.516434
4048.242188	-50.874741
4091.308594	-50.804367
4134.375000	-50.192192
4177.441406	-50.171745
4220.507812	-50.226143
4263.574219	-49.967445
4306.640625	-49.622585
4349.707031	-49.727833
4392.773438	-49.891056
4435.839844	-50.397961
4478.906250	-50.595898
4521.972656	-50.903885
4565.039062	-51.025608
4608.105469	-50.755455
4651.171875	-50.504753
4694.238281	-50.391285
4737.304688	-50.361958
4780.371094	-50.265491
4823.437500	-50.507515
4866.503906	-50.657749
4909.570312	-50.950420
4952.636719	-50.702156
4995.703125	-50.575359
5038.769531	-50.581257
5081.835938	-50.520214
5124.902344	-50.680809
5167.968750	-50.424595
5211.035156	-50.275249
5254.101562	-49.858723
5297.167969	-49.652863
5340.234375	-49.695793
5383.300781	-50.043343
5426.367188	-50.000542
5469.433594	-49.504208
5512.500000	-49.449905
5555.566406	-49.806370
5598.632812	-49.735218
5641.699219	-49.725483
5684.765625	-49.927341
5727.832031	-50.387302
5770.898438	-50.476494
5813.964844	-50.224834
5857.031250	-50.087799
5900.097656	-50.530712
5943.164062	-51.278568
5986.230469	-51.561211
6029.296875	-51.550041
6072.363281	-51.293037
6115.429688	-51.372665
6158.496094	-51.481804
6201.562500	-51.622696
6244.628906	-51.514645
6287.695312	-51.531628
6330.761719	-51.407928
6373.828125	-51.048435
6416.894531	-51.042847
6459.960938	-51.472900
6503.027344	-51.855515
6546.093750	-51.835293
6589.160156	-51.855930
6632.226562	-52.065628
6675.292969	-51.987450
6718.359375	-51.657089
6761.425781	-51.222515
6804.492188	-51.502731
6847.558594	-51.905476
6890.625000	-51.854671
6933.691406	-51.744194
6976.757812	-51.672707
7019.824219	-51.894329
7062.890625	-52.249809
7105.957031	-52.243515
7149.023438	-52.133102
7192.089844	-52.032246
7235.156250	-51.604607
7278.222656	-51.463726
7321.289062	-51.414814
7364.355469	-51.779118
7407.421875	-51.655563
7450.488281	-51.653610
7493.554688	-51.562561
7536.621094	-51.246006
7579.687500	-51.167416
7622.753906	-51.336491
7665.820312	-51.599701
7708.886719	-51.781651
7751.953125	-51.727036
7795.019531	-51.741272
7838.085938	-52.376026
7881.152344	-52.392807
7924.218750	-52.171268
7967.285156	-51.918839
8010.351562	-51.537746
8053.417969	-51.594452
8096.484375	-51.776943
8139.550781	-51.953884
8182.617188	-52.057976
8225.683594	-51.584545
8268.750000	-51.418537
8311.816406	-51.659145
8354.882812	-51.675625
8397.949219	-51.526867
8441.015625	-51.521656
8484.082031	-51.294884
8527.148438	-51.321884
8570.214844	-51.774414
8613.281250	-51.499180
8656.347656	-51.651623
8699.414062	-51.613968
8742.480469	-51.575569
8785.546875	-51.759205
8828.613281	-51.773808
8871.679688	-51.942989
8914.746094	-52.115292
8957.812500	-51.559647
9000.878906	-51.539421
9043.945312	-51.606422
9087.011719	-51.778511
9130.078125	-51.613514
9173.144531	-51.892204
9216.210938	-51.911263
9259.277344	-52.061623
9302.343750	-51.777641
9345.410156	-51.984848
9388.476562	-52.170158
9431.542969	-51.792004
9474.609375	-51.692757
9517.675781	-51.809822
9560.742188	-51.895760
9603.808594	-51.688580
9646.875000	-51.822704
9689.941406	-52.054966
9733.007812	-52.257195
9776.074219	-52.516800
9819.140625	-52.367928
9862.207031	-52.450916
9905.273438	-52.227364
9948.339844	-52.228279
9991.406250	-52.259377
10034.472656	-52.090515
10077.539062	-52.241329
10120.605469	-52.028706
10163.671875	-51.728043
10206.738281	-51.885689
10249.804688	-52.031540
10292.871094	-51.642822
10335.937500	-51.215260
10379.003906	-51.572166
10422.070312	-51.728371
10465.136719	-51.213425
10508.203125	-50.915176
10551.269531	-50.976677
10594.335938	-50.663429
10637.402344	-50.680485
10680.468750	-50.545387
10723.535156	-50.111794
10766.601562	-50.145229
10809.667969	-49.858585
10852.734375	-49.732632
10895.800781	-49.751858
10938.867188	-49.671650
10981.933594	-49.797821
11025.000000	-50.099571
11068.066406	-50.207233
11111.132812	-49.870766
11154.199219	-50.023945
11197.265625	-50.461395
11240.332031	-50.612492
11283.398438	-50.573315
11326.464844	-50.766537
11369.531250	-51.110432
11412.597656	-51.271130
11455.664062	-51.338993
11498.730469	-51.788734
11541.796875	-52.379078
11584.863281	-52.859718
11627.929688	-52.826557
11670.996094	-53.070492
11714.062500	-53.425114
11757.128906	-53.545090
11800.195312	-53.950668
11843.261719	-54.159813
11886.328125	-54.070572
11929.394531	-54.240818
11972.460938	-54.605873
12015.527344	-54.861099
12058.593750	-54.954052
12101.660156	-55.132626
12144.726562	-54.943214
12187.792969	-54.911621
12230.859375	-55.022816
12273.925781	-55.268597
12316.992188	-55.608845
12360.058594	-55.963951
12403.125000	-56.245762
12446.191406	-56.486290
12489.257812	-56.694828
12532.324219	-56.525253
12575.390625	-56.284660
12618.457031	-56.376122
12661.523438	-56.739861
12704.589844	-56.842327
12747.656250	-56.645401
12790.722656	-56.711651
12833.789062	-56.691273
12876.855469	-56.987415
12919.921875	-57.133995
12962.988281	-57.183231
13006.054688	-57.099300
13049.121094	-56.884216
13092.187500	-56.823254
13135.253906	-56.875050
13178.320312	-56.798573
13221.386719	-56.850727
13264.453125	-57.082756
13307.519531	-56.895844
13350.585938	-56.619167
13393.652344	-56.994156
13436.718750	-56.994347
13479.785156	-56.554443
13522.851562	-56.529362
13565.917969	-56.306236
13608.984375	-56.416328
13652.050781	-56.406353
13695.117188	-56.298035
13738.183594	-56.670925
13781.250000	-56.898342
13824.316406	-57.095314
13867.382812	-56.853546
13910.449219	-56.346004
13953.515625	-56.259315
13996.582031	-56.309807
14039.648438	-56.425308
